04500402306600120603443011610040443066501122056044333066001204430116104
05540206502333020560223066503401110330655555023232301666100454402301161
00404430660012044306103220660045502212054550223306655560322232065665034
03306616604333005660223230205406666022040560340650233306116603440650233
30120655011055440232323011016003406650560333401661060344022106560443330
20656033016603402230550221066504430665011220560443330666103401660322030
44402306650061602060443330661660433065032301106603430110054550302223206
56650440323016603322054061604430650112100545502333020656033011610554540
23232306166660443330206560330161033205655016104433306116603440330650222
20665044306050230166040221065550333302065603306661034001106044333066503
20056602333066502033066006502120603440330665020330120655011060344033061
16603440330111060560344012044301206550223206650665033220454060502012044
30665032005660301122056044333020656033066166043330112004550502223206566
50333406616603220404430166103206055033340660120443066502223205655032040
66610340110554402323230665021210565604433301206550120660443330116103056
0344306501012060440120443020656033012065502210455050222320656650340120